 Temperature cover,temperature fluid,Relative humidity,condensation,hum_ratio,minute time 
274.349,279.374,0.543049,0.00321942,0,1
274.263,279.09,0.565227,0.0032861,0,2
274.183,278.824,0.587817,0.00335525,0,3
274.109,278.573,0.610802,0.00342672,0,4
274.039,278.338,0.634166,0.00350037,0,5
273.975,278.116,0.657891,0.00357608,0,6
273.915,277.907,0.681962,0.00365373,0,7
273.86,277.711,0.706366,0.00373322,0,8
273.808,277.525,0.731087,0.00381442,0,9
273.76,277.349,0.756113,0.00389723,0,10
273.717,277.183,0.781042,0.00397951,0.000228872,11
273.675,277.026,0.787373,0.00396751,0.0112529,12
273.636,276.877,0.793391,0.00395604,0.0114722,13
273.598,276.736,0.799125,0.00394518,0.0116686,14
273.562,276.603,0.804592,0.00393494,0.0118504,15
273.528,276.477,0.809805,0.00392529,0.0120202,16
273.497,276.358,0.814776,0.0039162,0.0121795,17
273.467,276.245,0.819516,0.00390764,0.0123291,18
273.438,276.138,0.824035,0.00389959,0.0124699,19
273.412,276.038,0.828342,0.00389201,0.0126025,20
273.387,275.942,0.832447,0.00388488,0.0127274,21
273.363,275.852,0.836359,0.00387816,0.0128452,22
273.341,275.767,0.840087,0.00387184,0.0129562,23
273.319,275.686,0.843639,0.00386588,0.013061,24
273.3,275.609,0.847023,0.00386027,0.0131598,25
273.281,275.537,0.850246,0.00385498,0.0132532,26
273.263,275.468,0.853317,0.00384999,0.0133413,27
273.246,275.403,0.856241,0.00384529,0.0134246,28
273.23,275.342,0.859026,0.00384086,0.0135033,29
273.216,275.283,0.861678,0.00383667,0.0135777,30
273.201,275.228,0.864204,0.00383273,0.013648,31
273.188,275.176,0.866609,0.003829,0.0137146,32
273.176,275.126,0.868899,0.00382548,0.0137775,33
273.164,275.079,0.87108,0.00382215,0.013837,34
273.152,275.034,0.873156,0.00381901,0.0138934,35
273.142,274.992,0.875133,0.00381604,0.0139467,36
273.132,274.951,0.877015,0.00381323,0.0139973,37
273.122,274.913,0.878807,0.00381058,0.0140451,38
273.113,274.877,0.880513,0.00380807,0.0140904,39
273.105,274.842,0.882137,0.00380569,0.0141334,40
273.097,274.81,0.883683,0.00380345,0.0141741,41
273.089,274.779,0.885155,0.00380132,0.0142126,42
273.082,274.749,0.886557,0.0037993,0.0142492,43
273.075,274.722,0.887891,0.0037974,0.0142839,44
273.068,274.695,0.889161,0.00379559,0.0143167,45
273.062,274.67,0.89037,0.00379388,0.0143479,46
273.056,274.646,0.891521,0.00379225,0.0143775,47
273.051,274.623,0.892617,0.00379072,0.0144056,48
273.045,274.602,0.893661,0.00378926,0.0144322,49
273.04,274.581,0.894654,0.00378788,0.0144575,50
273.036,274.562,0.895599,0.00378657,0.0144815,51
273.031,274.543,0.8965,0.00378532,0.0145042,52
273.027,274.525,0.897357,0.00378415,0.0145259,53
273.023,274.509,0.898173,0.00378303,0.0145464,54
273.019,274.493,0.898949,0.00378197,0.0145659,55
273.015,274.478,0.899689,0.00378096,0.0145844,56
273.012,274.463,0.900393,0.00378,0.014602,57
273.009,274.45,0.901063,0.00377909,0.0146187,58
273.006,274.437,0.901702,0.00377823,0.0146346,59
273.003,274.424,0.902309,0.00377741,0.0146497,60
273,274.412,0.902888,0.00377664,0.014664,61
272.997,274.401,0.903438,0.0037759,0.0146777,62
272.995,274.391,0.903963,0.0037752,0.0146906,63
272.992,274.38,0.904462,0.00377453,0.0147029,64
272.99,274.371,0.904937,0.0037739,0.0147146,65
272.988,274.362,0.90539,0.0037733,0.0147258,66
272.986,274.353,0.905821,0.00377272,0.0147363,67
272.984,274.345,0.906231,0.00377218,0.0147464,68
272.982,274.337,0.906622,0.00377166,0.014756,69
272.98,274.329,0.906994,0.00377117,0.014765,70
272.978,274.322,0.907348,0.00377071,0.0147737,71
272.977,274.315,0.907685,0.00377026,0.0147819,72
272.975,274.309,0.908006,0.00376984,0.0147897,73
272.974,274.303,0.908312,0.00376944,0.0147972,74
272.972,274.297,0.908603,0.00376906,0.0148043,75
272.971,274.291,0.90888,0.0037687,0.014811,76
272.97,274.286,0.909144,0.00376835,0.0148174,77
272.969,274.281,0.909396,0.00376802,0.0148235,78
272.968,274.276,0.909635,0.00376771,0.0148293,79
272.966,274.272,0.909863,0.00376741,0.0148348,80
272.965,274.267,0.91008,0.00376713,0.0148401,81
272.964,274.263,0.910287,0.00376686,0.0148451,82
272.964,274.259,0.910483,0.00376661,0.0148498,83
272.963,274.255,0.910671,0.00376636,0.0148543,84
272.962,274.252,0.910849,0.00376613,0.0148586,85
272.961,274.248,0.911019,0.00376591,0.0148627,86
272.96,274.245,0.911181,0.0037657,0.0148666,87
272.959,274.242,0.911335,0.0037655,0.0148703,88
272.959,274.239,0.911481,0.00376531,0.0148739,89
272.958,274.236,0.911621,0.00376513,0.0148772,90
272.958,274.234,0.911754,0.00376496,0.0148804,91
272.957,274.231,0.911881,0.0037648,0.0148835,92
272.956,274.229,0.912001,0.00376464,0.0148864,93
272.956,274.227,0.912116,0.00376449,0.0148891,94
272.955,274.224,0.912226,0.00376435,0.0148918,95
272.955,274.222,0.91233,0.00376422,0.0148943,96
272.954,274.22,0.912429,0.00376409,0.0148966,97
272.954,274.218,0.912524,0.00376397,0.0148989,98
272.954,274.217,0.912613,0.00376385,0.0149011,99
272.953,274.215,0.912699,0.00376374,0.0149031,100
272.953,274.213,0.912781,0.00376364,0.0149051,101
272.952,274.212,0.912858,0.00376354,0.0149069,102
272.952,274.21,0.912932,0.00376344,0.0149087,103
272.952,274.209,0.913003,0.00376335,0.0149104,104
272.951,274.208,0.91307,0.00376327,0.014912,105
272.951,274.206,0.913134,0.00376319,0.0149135,106
272.951,274.205,0.913195,0.00376311,0.014915,107
272.951,274.204,0.913253,0.00376303,0.0149164,108
272.95,274.203,0.913308,0.00376296,0.0149177,109
272.95,274.202,0.91336,0.0037629,0.0149189,110
272.95,274.201,0.91341,0.00376283,0.0149201,111
272.95,274.2,0.913458,0.00376277,0.0149213,112
272.949,274.199,0.913503,0.00376271,0.0149223,113
272.949,274.198,0.913546,0.00376266,0.0149234,114
272.949,274.197,0.913588,0.0037626,0.0149244,115
272.949,274.196,0.913627,0.00376255,0.0149253,116
272.949,274.196,0.913664,0.00376251,0.0149262,117
272.948,274.195,0.9137,0.00376246,0.014927,118
272.948,274.194,0.913734,0.00376242,0.0149278,119
272.948,274.194,0.913766,0.00376238,0.0149286,120
272.948,274.193,0.913796,0.00376234,0.0149294,121
272.948,274.193,0.913826,0.0037623,0.01493,122
272.948,274.192,0.913854,0.00376226,0.0149307,123
272.948,274.191,0.91388,0.00376223,0.0149313,124
272.947,274.191,0.913905,0.0037622,0.0149319,125
272.947,274.19,0.913929,0.00376217,0.0149325,126
272.947,274.19,0.913952,0.00376214,0.0149331,127
272.947,274.19,0.913974,0.00376211,0.0149336,128
272.947,274.189,0.913995,0.00376208,0.0149341,129
272.947,274.189,0.914015,0.00376206,0.0149346,130
272.947,274.188,0.914033,0.00376203,0.014935,131
272.947,274.188,0.914051,0.00376201,0.0149354,132
272.947,274.188,0.914068,0.00376199,0.0149358,133
272.947,274.187,0.914085,0.00376197,0.0149362,134
272.947,274.187,0.9141,0.00376195,0.0149366,135
272.947,274.187,0.914115,0.00376193,0.0149369,136
272.946,274.186,0.914129,0.00376191,0.0149373,137
272.946,274.186,0.914142,0.00376189,0.0149376,138
272.946,274.186,0.914155,0.00376188,0.0149379,139
272.946,274.186,0.914167,0.00376186,0.0149382,140
272.946,274.185,0.914179,0.00376185,0.0149385,141
272.946,274.185,0.91419,0.00376183,0.0149387,142
272.946,274.185,0.9142,0.00376182,0.014939,143
272.946,274.185,0.91421,0.00376181,0.0149392,144
272.946,274.185,0.91422,0.0037618,0.0149394,145
272.946,274.184,0.914229,0.00376178,0.0149397,146
272.946,274.184,0.914237,0.00376177,0.0149399,147
272.946,274.184,0.914246,0.00376176,0.0149401,148
272.946,274.184,0.914253,0.00376175,0.0149402,149
272.946,274.184,0.914261,0.00376174,0.0149404,150
272.946,274.184,0.914268,0.00376173,0.0149406,151
272.946,274.184,0.914275,0.00376173,0.0149408,152
272.946,274.183,0.914281,0.00376172,0.0149409,153
272.946,274.183,0.914287,0.00376171,0.0149411,154
272.946,274.183,0.914293,0.0037617,0.0149412,155
272.946,274.183,0.914299,0.00376169,0.0149413,156
272.946,274.183,0.914304,0.00376169,0.0149415,157
272.946,274.183,0.914309,0.00376168,0.0149416,158
272.946,274.183,0.914314,0.00376168,0.0149417,159
272.946,274.183,0.914318,0.00376167,0.0149418,160
272.946,274.183,0.914323,0.00376166,0.0149419,161
272.946,274.183,0.914327,0.00376166,0.014942,162
272.946,274.182,0.914331,0.00376165,0.0149421,163
272.946,274.182,0.914335,0.00376165,0.0149422,164
272.945,274.182,0.914338,0.00376164,0.0149423,165
272.945,274.182,0.914342,0.00376164,0.0149423,166
272.945,274.182,0.914345,0.00376164,0.0149424,167
272.945,274.182,0.914348,0.00376163,0.0149425,168
272.945,274.182,0.914351,0.00376163,0.0149426,169
272.945,274.182,0.914354,0.00376162,0.0149426,170
272.945,274.182,0.914356,0.00376162,0.0149427,171
272.945,274.182,0.914359,0.00376162,0.0149428,172
272.945,274.182,0.914361,0.00376161,0.0149428,173
272.945,274.182,0.914364,0.00376161,0.0149429,174
272.945,274.182,0.914366,0.00376161,0.0149429,175
272.945,274.182,0.914368,0.00376161,0.014943,176
272.945,274.182,0.91437,0.0037616,0.014943,177
272.945,274.182,0.914372,0.0037616,0.0149431,178
272.945,274.182,0.914374,0.0037616,0.0149431,179
272.945,274.182,0.914375,0.0037616,0.0149432,180
272.945,274.182,0.914377,0.0037616,0.0149432,181
272.945,274.182,0.914378,0.00376159,0.0149432,182
272.945,274.181,0.91438,0.00376159,0.0149433,183
272.945,274.181,0.914381,0.00376159,0.0149433,184
272.945,274.181,0.914383,0.00376159,0.0149433,185
272.945,274.181,0.914384,0.00376159,0.0149434,186
272.945,274.181,0.914385,0.00376158,0.0149434,187
272.945,274.181,0.914386,0.00376158,0.0149434,188
272.945,274.181,0.914388,0.00376158,0.0149434,189
272.945,274.181,0.914389,0.00376158,0.0149435,190
272.945,274.181,0.91439,0.00376158,0.0149435,191
272.945,274.181,0.914391,0.00376158,0.0149435,192
272.945,274.181,0.914391,0.00376158,0.0149435,193
272.945,274.181,0.914392,0.00376158,0.0149436,194
272.945,274.181,0.914393,0.00376157,0.0149436,195
272.945,274.181,0.914394,0.00376157,0.0149436,196
272.945,274.181,0.914395,0.00376157,0.0149436,197
272.945,274.181,0.914395,0.00376157,0.0149436,198
272.945,274.181,0.914396,0.00376157,0.0149436,199
272.945,274.181,0.914397,0.00376157,0.0149437,200
272.945,274.181,0.914397,0.00376157,0.0149437,201
272.945,274.181,0.914398,0.00376157,0.0149437,202
272.945,274.181,0.914398,0.00376157,0.0149437,203
272.945,274.181,0.914399,0.00376157,0.0149437,204
272.945,274.181,0.9144,0.00376157,0.0149437,205
272.945,274.181,0.9144,0.00376157,0.0149437,206
272.945,274.181,0.9144,0.00376156,0.0149438,207
272.945,274.181,0.914401,0.00376156,0.0149438,208
272.945,274.181,0.914401,0.00376156,0.0149438,209
272.945,274.181,0.914402,0.00376156,0.0149438,210
272.945,274.181,0.914402,0.00376156,0.0149438,211
272.945,274.181,0.914402,0.00376156,0.0149438,212
272.945,274.181,0.914403,0.00376156,0.0149438,213
272.945,274.181,0.914403,0.00376156,0.0149438,214
272.945,274.181,0.914403,0.00376156,0.0149438,215
272.945,274.181,0.914404,0.00376156,0.0149438,216
272.945,274.181,0.914404,0.00376156,0.0149438,217
272.945,274.181,0.914404,0.00376156,0.0149438,218
272.945,274.181,0.914405,0.00376156,0.0149438,219
272.945,274.181,0.914405,0.00376156,0.0149439,220
272.945,274.181,0.914405,0.00376156,0.0149439,221
272.945,274.181,0.914405,0.00376156,0.0149439,222
272.945,274.181,0.914405,0.00376156,0.0149439,223
272.945,274.181,0.914406,0.00376156,0.0149439,224
272.945,274.181,0.914406,0.00376156,0.0149439,225
272.945,274.181,0.914406,0.00376156,0.0149439,226
272.945,274.181,0.914406,0.00376156,0.0149439,227
272.945,274.181,0.914406,0.00376156,0.0149439,228
272.945,274.181,0.914407,0.00376156,0.0149439,229
272.945,274.181,0.914407,0.00376156,0.0149439,230
272.945,274.181,0.914407,0.00376156,0.0149439,231
272.945,274.181,0.914407,0.00376156,0.0149439,232
272.945,274.181,0.914407,0.00376156,0.0149439,233
272.945,274.181,0.914407,0.00376156,0.0149439,234
272.945,274.181,0.914407,0.00376156,0.0149439,235
272.945,274.181,0.914407,0.00376156,0.0149439,236
272.945,274.181,0.914408,0.00376156,0.0149439,237
272.945,274.181,0.914408,0.00376156,0.0149439,238
272.945,274.181,0.914408,0.00376156,0.0149439,239
272.945,274.181,0.914408,0.00376156,0.0149439,240
272.945,274.181,0.914408,0.00376156,0.0149439,241
272.945,274.181,0.914408,0.00376156,0.0149439,242
272.945,274.181,0.914408,0.00376156,0.0149439,243
272.945,274.181,0.914408,0.00376156,0.0149439,244
272.945,274.181,0.914408,0.00376156,0.0149439,245
272.945,274.181,0.914408,0.00376155,0.0149439,246
272.945,274.181,0.914408,0.00376155,0.0149439,247
272.945,274.181,0.914408,0.00376155,0.0149439,248
272.945,274.181,0.914408,0.00376155,0.0149439,249
272.945,274.181,0.914409,0.00376155,0.0149439,250
272.945,274.181,0.914409,0.00376155,0.0149439,251
272.945,274.181,0.914409,0.00376155,0.0149439,252
272.945,274.181,0.914409,0.00376155,0.0149439,253
272.945,274.181,0.914409,0.00376155,0.0149439,254
272.945,274.181,0.914409,0.00376155,0.0149439,255
272.945,274.181,0.914409,0.00376155,0.014944,256
272.945,274.181,0.914409,0.00376155,0.014944,257
272.945,274.181,0.914409,0.00376155,0.014944,258
272.945,274.181,0.914409,0.00376155,0.014944,259
272.945,274.181,0.914409,0.00376155,0.014944,260
272.945,274.181,0.914409,0.00376155,0.014944,261
272.945,274.181,0.914409,0.00376155,0.014944,262
272.945,274.181,0.914409,0.00376155,0.014944,263
272.945,274.181,0.914409,0.00376155,0.014944,264
272.945,274.181,0.914409,0.00376155,0.014944,265
272.945,274.181,0.914409,0.00376155,0.014944,266
272.945,274.181,0.914409,0.00376155,0.014944,267
272.945,274.181,0.914409,0.00376155,0.014944,268
272.945,274.181,0.914409,0.00376155,0.014944,269
272.945,274.181,0.914409,0.00376155,0.014944,270
272.945,274.181,0.914409,0.00376155,0.014944,271
272.945,274.181,0.914409,0.00376155,0.014944,272
272.945,274.181,0.914409,0.00376155,0.014944,273
272.945,274.181,0.914409,0.00376155,0.014944,274
272.945,274.181,0.914409,0.00376155,0.014944,275
272.945,274.181,0.914409,0.00376155,0.014944,276
272.945,274.181,0.914409,0.00376155,0.014944,277
272.945,274.181,0.914409,0.00376155,0.014944,278
272.945,274.181,0.914409,0.00376155,0.014944,279
272.945,274.181,0.914409,0.00376155,0.014944,280
272.945,274.181,0.914409,0.00376155,0.014944,281
272.945,274.181,0.914409,0.00376155,0.014944,282
272.945,274.181,0.914409,0.00376155,0.014944,283
272.945,274.181,0.914409,0.00376155,0.014944,284
272.945,274.181,0.914409,0.00376155,0.014944,285
272.945,274.181,0.914409,0.00376155,0.014944,286
272.945,274.181,0.914409,0.00376155,0.014944,287
272.945,274.181,0.914409,0.00376155,0.014944,288
272.945,274.181,0.914409,0.00376155,0.014944,289
272.945,274.181,0.914409,0.00376155,0.014944,290
272.945,274.181,0.91441,0.00376155,0.014944,291
272.945,274.181,0.91441,0.00376155,0.014944,292
272.945,274.181,0.91441,0.00376155,0.014944,293
272.945,274.181,0.91441,0.00376155,0.014944,294
272.945,274.181,0.91441,0.00376155,0.014944,295
272.945,274.181,0.91441,0.00376155,0.014944,296
272.945,274.181,0.91441,0.00376155,0.014944,297
272.945,274.181,0.91441,0.00376155,0.014944,298
272.945,274.181,0.91441,0.00376155,0.014944,299
272.945,274.181,0.91441,0.00376155,0.014944,300
272.945,274.181,0.91441,0.00376155,0.014944,301
272.945,274.181,0.91441,0.00376155,0.014944,302
272.945,274.181,0.91441,0.00376155,0.014944,303
272.945,274.181,0.91441,0.00376155,0.014944,304
272.945,274.181,0.91441,0.00376155,0.014944,305
272.945,274.181,0.91441,0.00376155,0.014944,306
272.945,274.181,0.91441,0.00376155,0.014944,307
272.945,274.181,0.91441,0.00376155,0.014944,308
272.945,274.181,0.91441,0.00376155,0.014944,309
272.945,274.181,0.91441,0.00376155,0.014944,310
272.945,274.181,0.91441,0.00376155,0.014944,311
272.945,274.181,0.91441,0.00376155,0.014944,312
272.945,274.181,0.91441,0.00376155,0.014944,313
272.945,274.181,0.91441,0.00376155,0.014944,314
272.945,274.181,0.91441,0.00376155,0.014944,315
272.945,274.181,0.91441,0.00376155,0.014944,316
272.945,274.181,0.91441,0.00376155,0.014944,317
272.945,274.181,0.91441,0.00376155,0.014944,318
272.945,274.181,0.91441,0.00376155,0.014944,319
272.945,274.181,0.91441,0.00376155,0.014944,320
272.945,274.181,0.91441,0.00376155,0.014944,321
272.945,274.181,0.91441,0.00376155,0.014944,322
272.945,274.181,0.91441,0.00376155,0.014944,323
272.945,274.181,0.91441,0.00376155,0.014944,324
272.945,274.181,0.91441,0.00376155,0.014944,325
272.945,274.181,0.91441,0.00376155,0.014944,326
272.945,274.181,0.91441,0.00376155,0.014944,327
272.945,274.181,0.91441,0.00376155,0.014944,328
272.945,274.181,0.91441,0.00376155,0.014944,329
272.945,274.181,0.91441,0.00376155,0.014944,330
272.945,274.181,0.91441,0.00376155,0.014944,331
272.945,274.181,0.91441,0.00376155,0.014944,332
272.945,274.181,0.91441,0.00376155,0.014944,333
272.945,274.181,0.91441,0.00376155,0.014944,334
272.945,274.181,0.91441,0.00376155,0.014944,335
272.945,274.181,0.91441,0.00376155,0.014944,336
272.945,274.181,0.91441,0.00376155,0.014944,337
272.945,274.181,0.91441,0.00376155,0.014944,338
272.945,274.181,0.91441,0.00376155,0.014944,339
272.945,274.181,0.91441,0.00376155,0.014944,340
272.945,274.181,0.91441,0.00376155,0.014944,341
272.945,274.181,0.91441,0.00376155,0.014944,342
272.945,274.181,0.91441,0.00376155,0.014944,343
272.945,274.181,0.91441,0.00376155,0.014944,344
272.945,274.181,0.91441,0.00376155,0.014944,345
272.945,274.181,0.91441,0.00376155,0.014944,346
272.945,274.181,0.91441,0.00376155,0.014944,347
272.945,274.181,0.91441,0.00376155,0.014944,348
272.945,274.181,0.91441,0.00376155,0.014944,349
272.945,274.181,0.91441,0.00376155,0.014944,350
272.945,274.181,0.91441,0.00376155,0.014944,351
272.945,274.181,0.91441,0.00376155,0.014944,352
272.945,274.181,0.91441,0.00376155,0.014944,353
272.945,274.181,0.91441,0.00376155,0.014944,354
272.945,274.181,0.91441,0.00376155,0.014944,355
272.945,274.181,0.91441,0.00376155,0.014944,356
272.945,274.181,0.91441,0.00376155,0.014944,357
272.945,274.181,0.91441,0.00376155,0.014944,358
272.945,274.181,0.91441,0.00376155,0.014944,359
272.945,274.181,0.91441,0.00376155,0.014944,360
272.945,274.181,0.91441,0.00376155,0.014944,361
272.945,274.181,0.91441,0.00376155,0.014944,362
272.945,274.181,0.91441,0.00376155,0.014944,363
272.945,274.181,0.91441,0.00376155,0.014944,364
272.945,274.181,0.91441,0.00376155,0.014944,365
272.945,274.181,0.91441,0.00376155,0.014944,366
272.945,274.181,0.91441,0.00376155,0.014944,367
272.945,274.181,0.91441,0.00376155,0.014944,368
272.945,274.181,0.91441,0.00376155,0.014944,369
272.945,274.181,0.91441,0.00376155,0.014944,370
272.945,274.181,0.91441,0.00376155,0.014944,371
272.945,274.181,0.91441,0.00376155,0.014944,372
272.945,274.181,0.91441,0.00376155,0.014944,373
272.945,274.181,0.91441,0.00376155,0.014944,374
272.945,274.181,0.91441,0.00376155,0.014944,375
272.945,274.181,0.91441,0.00376155,0.014944,376
272.945,274.181,0.91441,0.00376155,0.014944,377
272.945,274.181,0.91441,0.00376155,0.014944,378
272.945,274.181,0.91441,0.00376155,0.014944,379
272.945,274.181,0.91441,0.00376155,0.014944,380
272.945,274.181,0.91441,0.00376155,0.014944,381
272.945,274.181,0.91441,0.00376155,0.014944,382
272.945,274.181,0.91441,0.00376155,0.014944,383
272.945,274.181,0.91441,0.00376155,0.014944,384
272.945,274.181,0.91441,0.00376155,0.014944,385
272.945,274.181,0.91441,0.00376155,0.014944,386
272.945,274.181,0.91441,0.00376155,0.014944,387
272.945,274.181,0.91441,0.00376155,0.014944,388
272.945,274.181,0.91441,0.00376155,0.014944,389
272.945,274.181,0.91441,0.00376155,0.014944,390
272.945,274.181,0.91441,0.00376155,0.014944,391
272.945,274.181,0.91441,0.00376155,0.014944,392
272.945,274.181,0.91441,0.00376155,0.014944,393
272.945,274.181,0.91441,0.00376155,0.014944,394
272.945,274.181,0.91441,0.00376155,0.014944,395
272.945,274.181,0.91441,0.00376155,0.014944,396
272.945,274.181,0.91441,0.00376155,0.014944,397
272.945,274.181,0.91441,0.00376155,0.014944,398
272.945,274.181,0.91441,0.00376155,0.014944,399
272.945,274.181,0.91441,0.00376155,0.014944,400
272.945,274.181,0.91441,0.00376155,0.014944,401
272.945,274.181,0.91441,0.00376155,0.014944,402
272.945,274.181,0.91441,0.00376155,0.014944,403
272.945,274.181,0.91441,0.00376155,0.014944,404
272.945,274.181,0.91441,0.00376155,0.014944,405
272.945,274.181,0.91441,0.00376155,0.014944,406
272.945,274.181,0.91441,0.00376155,0.014944,407
272.945,274.181,0.91441,0.00376155,0.014944,408
272.945,274.181,0.91441,0.00376155,0.014944,409
272.945,274.181,0.91441,0.00376155,0.014944,410
272.945,274.181,0.91441,0.00376155,0.014944,411
272.945,274.181,0.91441,0.00376155,0.014944,412
272.945,274.181,0.91441,0.00376155,0.014944,413
272.945,274.181,0.91441,0.00376155,0.014944,414
272.945,274.181,0.91441,0.00376155,0.014944,415
272.945,274.181,0.91441,0.00376155,0.014944,416
272.945,274.181,0.91441,0.00376155,0.014944,417
272.945,274.181,0.91441,0.00376155,0.014944,418
272.945,274.181,0.91441,0.00376155,0.014944,419
